% time-domain current integration by openEMS v0.0.36 @Tue Sep 29 18:22:12 2026
% start-coordinates: (-0.0267031,-0.000430509,-0.000855) m -> [6,48,2]
% stop-coordinates: (-0.025,0.00025,-0.000855) m -> [7,53,2]
% t/s	current
3.54639705111e-14	0
3.12437580203e-11	5.69222535773e-09
6.24520520701e-11	2.36515855789e-08
9.36603461198e-11	4.59415012699e-08
1.2486864017e-10	5.971628525e-08
1.56076934219e-10	4.77109161068e-08
1.87285228269e-10	-8.48130632392e-09
2.18493522319e-10	-1.13903617205e-07
2.49701816369e-10	-2.46873469223e-07
2.80910110418e-10	-3.47602508555e-07
3.12118404468e-10	-3.25121106926e-07
3.43326698518e-10	-8.88131950205e-08
3.74534992568e-10	3.91570353031e-07
4.05743286618e-10	1.02501599031e-06
4.36951580667e-10	1.5625563492e-06
4.68159874717e-10	1.63056085967e-06
4.99368168767e-10	8.67694325279e-07
5.30576462817e-10	-8.64261778588e-07
5.61784756866e-10	-3.25584665006e-06
5.92993050916e-10	-5.45297780263e-06
6.24201344966e-10	-6.20869923296e-06
6.55409639016e-10	-4.33647301179e-06
6.86617933066e-10	6.25447114544e-07
7.17826227115e-10	7.79985384725e-06
7.49034521165e-10	1.4785185158e-05
7.80242815215e-10	1.81801606232e-05
8.11451109265e-10	1.48459148477e-05
8.42659403314e-10	3.57677913598e-06
8.73867697364e-10	-1.35653608595e-05
9.05075991414e-10	-3.10360737785e-05
9.36284285464e-10	-4.12429762946e-05
9.67492579514e-10	-3.74414412363e-05
9.98700873563e-10	-1.71225219674e-05
1.02990916761e-09	1.56351634359e-05
1.06111746166e-09	5.02745606354e-05
1.09232575571e-09	7.29045714252e-05
1.12353404976e-09	7.1704518632e-05
1.15474234381e-09	4.25362122769e-05
1.18595063786e-09	-7.81287053542e-06
1.21715893191e-09	-6.2685154262e-05
1.24836722596e-09	-0.000101137564343
1.27957552001e-09	-0.000106200917799
1.31078381406e-09	-7.24597921362e-05
1.34199210811e-09	-9.50042158365e-06
1.37320040216e-09	6.07179572398e-05
1.40440869621e-09	0.000111944049422
1.43561699026e-09	0.000124053301988
1.46682528431e-09	9.14552801987e-05
1.49803357836e-09	2.58042364294e-05
1.52924187241e-09	-4.83223921037e-05
1.56045016646e-09	-0.000103097234387
1.59165846051e-09	-0.00011846984853
1.62286675456e-09	-8.99644292076e-05
1.65407504861e-09	-3.00734427583e-05
1.68528334266e-09	3.71791575162e-05
1.71649163671e-09	8.60789587023e-05
1.74769993076e-09	9.93124413071e-05
1.77890822481e-09	7.4240626418e-05
1.81011651886e-09	2.30518526223e-05
1.84132481291e-09	-3.2902804378e-05
1.87253310696e-09	-7.1976086474e-05
1.90374140101e-09	-8.05834279163e-05
1.93494969506e-09	-5.78174549446e-05
1.96615798911e-09	-1.48029512275e-05
1.99736628316e-09	3.05373941956e-05
2.02857457721e-09	6.08997652307e-05
2.05978287126e-09	6.61427111481e-05
2.09099116531e-09	4.65047014586e-05
2.12219945936e-09	1.15527172966e-05
2.1534077534e-09	-2.43370595854e-05
2.18461604745e-09	-4.78919828311e-05
2.2158243415e-09	-5.18304223078e-05
2.24703263555e-09	-3.6945901229e-05
2.2782409296e-09	-1.08841077235e-05
2.30944922365e-09	1.5543149857e-05
2.3406575177e-09	3.27980924339e-05
2.37186581175e-09	3.60071790055e-05
2.4030741058e-09	2.61305958702e-05
2.43428239985e-09	8.76145259099e-06
2.4654906939e-09	-8.65161837282e-06
2.49669898795e-09	-1.98592224478e-05
2.527907282e-09	-2.19327066588e-05
2.55911557605e-09	-1.57896301971e-05
2.5903238701e-09	-5.18635033586e-06
2.62153216415e-09	5.1782931223e-06
2.6527404582e-09	1.15736529551e-05
2.68394875225e-09	1.24373764265e-05
2.7151570463e-09	8.54344852996e-06
2.74636534035e-09	2.26845122597e-06
2.7775736344e-09	-3.59802970706e-06
2.80878192845e-09	-6.96625966157e-06
2.8399902225e-09	-7.08269226379e-06
2.87119851655e-09	-4.54506243841e-06
2.9024068106e-09	-8.16044803287e-07
2.93361510465e-09	2.48462310992e-06
2.9648233987e-09	4.22153880208e-06
2.99603169275e-09	4.06265735364e-06
3.0272399868e-09	2.44317652687e-06
3.05844828085e-09	2.52428606018e-07
