% time-domain current integration by openEMS v0.0.36 @Tue Sep 29 18:22:12 2026
% start-coordinates: (0.023297,-0.000430509,-0.000855) m -> [90,48,2]
% stop-coordinates: (0.025,0.00025,-0.000855) m -> [91,53,2]
% t/s	current
3.54639705111e-14	0
3.12437580203e-11	0
6.24520520701e-11	0
9.36603461198e-11	3.28628945241e-26
1.2486864017e-10	9.54078286927e-19
1.56076934219e-10	2.75639852333e-14
1.87285228269e-10	4.11631926461e-12
2.18493522319e-10	-2.97656031767e-11
2.49701816369e-10	-8.49115708301e-11
2.80910110418e-10	-1.46378700827e-10
3.12118404468e-10	-1.30023769529e-09
3.43326698518e-10	-1.13010312219e-08
3.74534992568e-10	-3.9267099794e-08
4.05743286618e-10	-6.4725526272e-08
4.36951580667e-10	-7.53323092795e-08
4.68159874717e-10	-4.50574475508e-08
4.99368168767e-10	4.40852829797e-08
5.30576462817e-10	1.92638495378e-07
5.61784756866e-10	3.58861626637e-07
5.92993050916e-10	4.54217598644e-07
6.24201344966e-10	3.58280999535e-07
6.55409639016e-10	-3.07880476669e-08
6.86617933066e-10	-7.17391230864e-07
7.17826227115e-10	-1.531671046e-06
7.49034521165e-10	-2.10409280044e-06
7.80242815215e-10	-1.94011931853e-06
8.11451109265e-10	-6.23670985078e-07
8.42659403314e-10	1.8928319605e-06
8.73867697364e-10	5.03171486343e-06
9.05075991414e-10	7.53115773477e-06
9.36284285464e-10	7.74097406975e-06
9.67492579514e-10	4.29214514952e-06
9.98700873563e-10	-3.03034494209e-06
1.02990916761e-09	-1.25957913042e-05
1.06111746166e-09	-2.08850178751e-05
1.09232575571e-09	-2.34136223298e-05
1.12353404976e-09	-1.65484798345e-05
1.15474234381e-09	3.57460891109e-07
1.18595063786e-09	2.35023126152e-05
1.21715893191e-09	4.48397331638e-05
1.24836722596e-09	5.44290051039e-05
1.27957552001e-09	4.4462402002e-05
1.31078381406e-09	1.34972415253e-05
1.34199210811e-09	-3.11167423206e-05
1.37320040216e-09	-7.42708871257e-05
1.40440869621e-09	-9.79601463769e-05
1.43561699026e-09	-8.85579647729e-05
1.46682528431e-09	-4.36096197518e-05
1.49803357836e-09	2.50935499935e-05
1.52924187241e-09	9.4220325991e-05
1.56045016646e-09	0.000137065115268
1.59165846051e-09	0.000134262765641
1.62286675456e-09	8.25917086331e-05
1.65407504861e-09	-2.22677181227e-06
1.68528334266e-09	-9.04953631107e-05
1.71649163671e-09	-0.000149685845827
1.74769993076e-09	-0.000157318732818
1.77890822481e-09	-0.00011014653137
1.81011651886e-09	-2.56502862612e-05
1.84132481291e-09	6.4874337113e-05
1.87253310696e-09	0.000128732106532
1.90374140101e-09	0.000144503530464
1.93494969506e-09	0.000109752538265
1.96615798911e-09	4.08276137023e-05
1.99736628316e-09	-3.47132190655e-05
2.02857457721e-09	-8.94848053576e-05
2.05978287126e-09	-0.000106583967863
2.09099116531e-09	-8.48108538776e-05
2.12219945936e-09	-3.72583890567e-05
2.1534077534e-09	1.54127446876e-05
2.18461604745e-09	5.37141022505e-05
2.2158243415e-09	6.64018589305e-05
2.24703263555e-09	5.33751190233e-05
2.2782409296e-09	2.3909857191e-05
2.30944922365e-09	-8.35310765979e-06
2.3406575177e-09	-3.12138436129e-05
2.37186581175e-09	-3.81664322049e-05
2.4030741058e-09	-2.97612114082e-05
2.43428239985e-09	-1.20848608276e-05
2.4654906939e-09	6.53788811178e-06
2.49669898795e-09	1.90512328118e-05
2.527907282e-09	2.2033274945e-05
2.55911557605e-09	1.62559263117e-05
2.5903238701e-09	5.58043802812e-06
2.62153216415e-09	-5.0782150538e-06
2.6527404582e-09	-1.17796544146e-05
2.68394875225e-09	-1.28272949951e-05
2.7151570463e-09	-8.95473658602e-06
2.74636534035e-09	-2.57255101133e-06
2.7775736344e-09	3.4598926959e-06
2.80878192845e-09	6.98586882208e-06
2.8399902225e-09	7.21187961972e-06
2.87119851655e-09	4.72873625768e-06
2.9024068106e-09	1.01238538264e-06
2.93361510465e-09	-2.30419209402e-06
2.9648233987e-09	-4.07011020798e-06
2.99603169275e-09	-3.94640574086e-06
3.0272399868e-09	-2.36636765294e-06
3.05844828085e-09	-2.17038873984e-07
