% time-domain voltage integration by openEMS v0.0.36 @Mon Sep 28 17:30:23 2026
% start-coordinates: (-0.025,-2.64675e-05,-0.0015) m -> [7,31,0]
% stop-coordinates: (-0.025,-2.64675e-05,0) m -> [7,31,4]
% t/s	voltage
0	-0
3.12082940498e-11	1.21172101331e-06
6.24165880995e-11	4.60504452349e-06
9.36248821493e-11	8.59121428221e-06
1.24833176199e-10	1.09100458303e-05
1.56041470249e-10	8.30857470646e-06
1.87249764299e-10	-2.38847542278e-06
2.18458058348e-10	-2.19528828893e-05
2.49666352398e-10	-4.60819755972e-05
2.80874646448e-10	-6.36085451333e-05
3.12082940498e-10	-5.79683819524e-05
3.43291234548e-10	-1.32080815547e-05
3.74499528597e-10	7.60650091252e-05
4.05707822647e-10	0.000191596667719
4.36916116697e-10	0.000287322505756
4.68124410747e-10	0.000294776917144
4.99332704796e-10	0.000148919678395
5.30540998846e-10	-0.000172754174855
5.61749292896e-10	-0.000610397815763
5.92957586946e-10	-0.00100550705974
6.24165880995e-10	-0.0011302485218
6.55374175045e-10	-0.00077189100557
6.86582469095e-10	0.000146794262037
7.17790763145e-10	0.00145915767644
7.48999057195e-10	0.00272365612909
7.80207351244e-10	0.00332190812333
8.11415645294e-10	0.00269041076535
8.42623939344e-10	0.000619687343715
8.73832233394e-10	-0.00250748242252
9.05040527443e-10	-0.00568412838038
9.36248821493e-10	-0.00754027732182
9.67457115543e-10	-0.00686353642959
9.98665409593e-10	-0.00320214161184
1.02987370364e-09	0.00271958229132
1.06108199769e-09	0.00902303378098
1.09229029174e-09	0.0132318818942
1.12349858579e-09	0.0132228536531
1.15470687984e-09	0.00821045204066
1.18591517389e-09	-0.000681116260239
1.21712346794e-09	-0.010589347221
1.24833176199e-09	-0.0178636866622
1.27954005604e-09	-0.0194749289658
1.31074835009e-09	-0.0143137460109
1.34195664414e-09	-0.00379982870072
1.37316493819e-09	0.00851839222014
1.40437323224e-09	0.0182649630588
1.43558152629e-09	0.0219257888384
1.46678982034e-09	0.0182237452827
1.49799811439e-09	0.00859923218377
1.52920640844e-09	-0.00339962751605
1.56041470249e-09	-0.013542534085
1.59162299654e-09	-0.0185425679665
1.62283129059e-09	-0.0172082383651
1.65403958464e-09	-0.0106881549582
1.68524787869e-09	-0.00178896944271
1.71645617274e-09	0.00626274663955
1.74766446679e-09	0.0110510312952
1.77887276084e-09	0.0117022271734
1.81008105489e-09	0.00890272494871
1.84128934894e-09	0.0043200153159
1.87249764299e-09	-0.000225104198762
1.90370593704e-09	-0.00344675808446
1.93491423109e-09	-0.00489265692886
1.96612252514e-09	-0.00482694694074
1.99733081919e-09	-0.00386121746851
2.02853911324e-09	-0.00257168093231
2.05974740729e-09	-0.00128554209368
2.09095570133e-09	-8.77347993082e-05
2.12216399538e-09	0.00102851114934
2.15337228943e-09	0.00200371548999
2.18458058348e-09	0.00265682087047
2.21578887753e-09	0.00275975064142
2.24699717158e-09	0.00218393540126
2.27820546563e-09	0.00101985644142
2.30941375968e-09	-0.000408834857808
2.34062205373e-09	-0.00165266092517
2.37183034778e-09	-0.00231378318858
2.40303864183e-09	-0.00220689448179
2.43424693588e-09	-0.00142802452319
2.46545522993e-09	-0.00030373822301
2.49666352398e-09	0.000749899278162
2.52787181803e-09	0.00139132785262
2.55908011208e-09	0.00147045450285
2.59028840613e-09	0.00105676981912
2.62149670018e-09	0.000379938050173
2.65270499423e-09	-0.000280405060039
2.68391328828e-09	-0.00070422916906
2.71512158233e-09	-0.000798186869361
2.74632987638e-09	-0.00060299217148
2.77753817043e-09	-0.00025048821044
2.80874646448e-09	0.000102868803879
