% time-domain voltage integration by openEMS v0.0.36 @Tue Sep 29 18:22:12 2026
% start-coordinates: (0.025,4.18199e-05,-0.0015) m -> [91,51,0]
% stop-coordinates: (0.025,4.18199e-05,0) m -> [91,51,4]
% t/s	voltage
0	-0
3.12082940498e-11	-0
6.24165880995e-11	-0
9.36248821493e-11	-1.58550842841e-24
1.24833176199e-10	-4.14591757301e-17
1.56041470249e-10	-1.15419781751e-12
1.87249764299e-10	-1.86722158568e-10
2.18458058348e-10	1.33515112855e-09
2.49666352398e-10	4.148253685e-09
2.80874646448e-10	7.05370206688e-09
3.12082940498e-10	5.92002615818e-08
3.43291234548e-10	5.29581299702e-07
3.74499528597e-10	1.90485221196e-06
4.05707822647e-10	3.1983265103e-06
4.36916116697e-10	3.77250705696e-06
4.68124410747e-10	2.35897925904e-06
4.99332704796e-10	-1.97849726646e-06
5.30540998846e-10	-9.31830459194e-06
5.61749292896e-10	-1.76572839337e-05
5.92957586946e-10	-2.26596230277e-05
6.24165880995e-10	-1.83293943792e-05
6.55374175045e-10	5.23392266416e-07
6.86582469095e-10	3.43804481417e-05
7.17790763145e-10	7.51209527152e-05
7.48999057195e-10	0.000104617971374
7.80207351244e-10	9.82376404863e-05
8.11415645294e-10	3.47868249264e-05
8.42623939344e-10	-8.9065901193e-05
8.73832233394e-10	-0.000245755811193
9.05040527443e-10	-0.000373343224055
9.36248821493e-10	-0.000389567780076
9.67457115543e-10	-0.000224693136261
9.98665409593e-10	0.000134938180054
1.02987370364e-09	0.00061157096934
1.06108199769e-09	0.00103231097455
1.09229029174e-09	0.00117337737174
1.12349858579e-09	0.000849603282404
1.15470687984e-09	2.13454900404e-05
1.18591517389e-09	-0.00113012618385
1.21712346794e-09	-0.00220909240306
1.24833176199e-09	-0.00271888816496
1.27954005604e-09	-0.00226116503472
1.31074835009e-09	-0.000748804406612
1.34195664414e-09	0.00146758594201
1.37316493819e-09	0.00364399002865
1.40437323224e-09	0.0048795947805
1.43558152629e-09	0.0044781921315
1.46678982034e-09	0.00229173002299
1.49799811439e-09	-0.0011165762844
1.52920640844e-09	-0.00459611753467
1.56041470249e-09	-0.00680871028453
1.59162299654e-09	-0.00676324393135
1.62283129059e-09	-0.00426348129986
1.65403958464e-09	-6.1802993514e-05
1.68524787869e-09	0.00437481689733
1.71645617274e-09	0.00741369370371
1.74766446679e-09	0.00790196459275
1.77887276084e-09	0.00563701882493
1.81008105489e-09	0.00145759529551
1.84128934894e-09	-0.00308761722408
1.87249764299e-09	-0.00635457783937
1.90370593704e-09	-0.0072421527002
1.93491423109e-09	-0.00559039285872
1.96612252514e-09	-0.00218612683238
1.99733081919e-09	0.00160430336837
2.02853911324e-09	0.00440121919382
2.05974740729e-09	0.00533316715155
2.09095570133e-09	0.00430982536636
2.12216399538e-09	0.00196362216957
2.15337228943e-09	-0.000679019576637
2.18458058348e-09	-0.00263426703168
2.21578887753e-09	-0.00332037737826
2.24699717158e-09	-0.00271156179952
2.27820546563e-09	-0.00125771178864
2.30941375968e-09	0.000362105936802
2.34062205373e-09	0.00153069247608
2.37183034778e-09	0.00190987292444
2.40303864183e-09	0.00151444456424
2.43424693588e-09	0.000640900354483
2.46545522993e-09	-0.000295490499411
2.49666352398e-09	-0.000936973257922
2.52787181803e-09	-0.00110454384412
2.55908011208e-09	-0.00082944627502
2.59028840613e-09	-0.00030057013646
2.62149670018e-09	0.000236403189774
2.65270499423e-09	0.000581195483392
2.68391328828e-09	0.000644253814244
2.71512158233e-09	0.00045811360178
2.74632987638e-09	0.000141164184242
2.77753817043e-09	-0.000163361448358
2.80874646448e-09	-0.000345533611835
2.83995475853e-09	-0.00036290105345
2.87116305258e-09	-0.000242714646447
2.90237134663e-09	-5.77233540753e-05
2.93357964068e-09	0.000110088018118
2.96478793473e-09	0.00020186445181
2.99599622878e-09	0.000199056463316
3.02720452283e-09	0.000122093893879
3.05841281688e-09	1.48417491346e-05
