% time-domain voltage integration by openEMS v0.0.36 @Wed Sep 30 10:47:28 2026
% start-coordinates: (0.025,4.18199e-05,-0.0015) m -> [97,35,0]
% stop-coordinates: (0.025,4.18199e-05,0) m -> [97,35,6]
% t/s	voltage
0	-0
3.11914181142e-11	-0
6.23828362284e-11	-0
9.35742543426e-11	-1.36811711292e-26
1.24765672457e-10	-4.37591675533e-18
1.55957090571e-10	-5.41172514516e-13
1.87148508685e-10	-1.64307668166e-10
2.18339926799e-10	1.12086304127e-09
2.49531344914e-10	3.42728334601e-09
2.80722763028e-10	4.99042707158e-09
3.11914181142e-10	4.31436788517e-08
3.43105599256e-10	4.400111564e-07
3.7429701737e-10	1.60364092494e-06
4.05488435484e-10	2.66429520934e-06
4.36679853599e-10	3.15791797334e-06
4.67871271713e-10	1.96463005864e-06
4.99062689827e-10	-1.66643097543e-06
5.30254107941e-10	-7.77563957399e-06
5.61445526055e-10	-1.4730353314e-05
5.9263694417e-10	-1.89061345282e-05
6.23828362284e-10	-1.52985733166e-05
6.55019780398e-10	4.22523488197e-07
6.86211198512e-10	2.86407503154e-05
7.17402616626e-10	6.26054679742e-05
7.48594034741e-10	8.72184928085e-05
7.79785452855e-10	8.1979497736e-05
8.10976870969e-10	2.92166905638e-05
8.42168289083e-10	-7.38877770345e-05
8.73359707197e-10	-0.000204423060495
9.04551125311e-10	-0.000310920513584
9.35742543426e-10	-0.00032490362355
9.6693396154e-10	-0.000188239522686
9.98125379654e-10	0.000110665670945
1.02931679777e-09	0.0005074563378
1.06050821588e-09	0.00085856084479
1.091699634e-09	0.000977849500487
1.12289105211e-09	0.000710850101314
1.15408247022e-09	2.36869352648e-05
1.18527388834e-09	-0.000934068622882
1.21646530645e-09	-0.00183420343092
1.24765672457e-09	-0.0022637033544
1.27884814268e-09	-0.00188996008364
1.3100395608e-09	-0.000637942081084
1.34123097891e-09	0.00120387316565
1.37242239702e-09	0.00301900232444
1.40361381514e-09	0.00405828462681
1.43480523325e-09	0.00373966986081
1.46599665137e-09	0.00193443588796
1.49718806948e-09	-0.00089525358635
1.5283794876e-09	-0.00379656325094
1.55957090571e-09	-0.00565606384771
1.59076232382e-09	-0.00564362027217
1.62195374194e-09	-0.00358641904313
1.65314516005e-09	-0.000100611619928
1.68433657817e-09	0.00359896547161
1.71552799628e-09	0.00615230202675
1.74671941439e-09	0.0065911662532
1.77791083251e-09	0.00473388406681
1.80910225062e-09	0.00126672917395
1.84029366874e-09	-0.00252645261935
1.87148508685e-09	-0.00527306855656
1.90267650497e-09	-0.0060446044663
1.93386792308e-09	-0.00469342130236
1.96505934119e-09	-0.00186412050971
1.99625075931e-09	0.00130729658122
2.02744217742e-09	0.00366400752682
2.05863359554e-09	0.00446649838705
2.08982501365e-09	0.00362646603025
2.12101643176e-09	0.00166454740975
2.15220784988e-09	-0.000560549677175
2.18339926799e-09	-0.002217496105
2.21459068611e-09	-0.00280753083644
2.24578210422e-09	-0.00229946407489
2.27697352234e-09	-0.00106748739199
2.30816494045e-09	0.000313854405249
2.33935635856e-09	0.00131622873596
2.37054777668e-09	0.00164494756609
2.40173919479e-09	0.00130642516888
2.43293061291e-09	0.00055132558191
2.46412203102e-09	-0.000262984565779
2.49531344914e-09	-0.000824464208563
2.52650486725e-09	-0.000973440895905
2.55769628536e-09	-0.000733095766918
2.58888770348e-09	-0.000266361119429
2.62007912159e-09	0.000210946836887
2.65127053971e-09	0.000520203007909
2.68246195782e-09	0.000579160252528
2.71365337593e-09	0.00041407252138
2.74484479405e-09	0.000129166794068
2.77603621216e-09	-0.000147069524246
2.80722763028e-09	-0.000314302342304
2.83841904839e-09	-0.000332186828018
2.86961046651e-09	-0.000223682924116
2.90080188462e-09	-5.41450181117e-05
2.93199330273e-09	0.000101298311165
2.96318472085e-09	0.000187612795344
2.99437613896e-09	0.000186357330676
3.02556755708e-09	0.000115326589366
3.05675897519e-09	1.47840801219e-05
