% time-domain current integration by openEMS v0.0.36 @Wed Sep 30 10:47:28 2026
% start-coordinates: (0.0235868,-0.000430509,-0.0009625) m -> [96,32,2]
% stop-coordinates: (0.025,0.00025,-0.0009625) m -> [97,37,2]
% t/s	current
3.53644196306e-14	0
3.12267825338e-11	0
6.2418200648e-11	0
9.36096187622e-11	9.13850207678e-29
1.24801036876e-10	4.95491009689e-20
1.55992454991e-10	8.76517147709e-15
1.87183873105e-10	3.3631589267e-12
2.18375291219e-10	-2.30129283685e-11
2.49566709333e-10	-6.92703741589e-11
2.80758127447e-10	-9.94167317914e-11
3.11949545562e-10	-8.99479046801e-10
3.43140963676e-10	-9.12395936581e-09
3.7433238179e-10	-3.26562670239e-08
4.05523799904e-10	-5.3705658587e-08
4.36715218018e-10	-6.31835561649e-08
4.67906636132e-10	-3.83719935826e-08
4.99098054247e-10	3.548053229e-08
5.30289472361e-10	1.58638528092e-07
5.61480890475e-10	2.97622705148e-07
5.92672308589e-10	3.79040841381e-07
6.23863726703e-10	3.02431999444e-07
6.55055144818e-10	-1.79790813348e-08
6.86246562932e-10	-5.87441263633e-07
7.17437981046e-10	-1.26727991301e-06
7.4862939916e-10	-1.75187494733e-06
7.79820817274e-10	-1.62981871199e-06
8.11012235389e-10	-5.5088969475e-07
8.42203653503e-10	1.5322427771e-06
8.73395071617e-10	4.14825490225e-06
9.04586489731e-10	6.2556487137e-06
9.35777907845e-10	6.48104332868e-06
9.66969325959e-10	3.67243842447e-06
9.98160744074e-10	-2.37422182181e-06
1.02935216219e-09	-1.03343236333e-05
1.0605435803e-09	-1.73036660271e-05
1.09173499842e-09	-1.95511620404e-05
1.12292641653e-09	-1.40178399306e-05
1.15411783464e-09	-9.55292023264e-08
1.18530925276e-09	1.91355538846e-05
1.21650067087e-09	3.70399175154e-05
1.24769208899e-09	4.53444081359e-05
1.2788835071e-09	3.74668597942e-05
1.31007492522e-09	1.2050717487e-05
1.34126634333e-09	-2.49634413194e-05
1.37245776144e-09	-6.11206924077e-05
1.40364917956e-09	-8.14266313682e-05
1.43484059767e-09	-7.437315071e-05
1.46603201579e-09	-3.76315001631e-05
1.4972234339e-09	1.92853040062e-05
1.52841485201e-09	7.71421255195e-05
1.55960627013e-09	0.000113674192107
1.59079768824e-09	0.000112486341095
1.62198910636e-09	7.04671401763e-05
1.65318052447e-09	2.87963700885e-07
1.68437194259e-09	-7.35489302315e-05
1.7155633607e-09	-0.000123875259305
1.74675477881e-09	-0.000131593013066
1.77794619693e-09	-9.34676936595e-05
1.80913761504e-09	-2.35948136833e-05
1.84032903316e-09	5.21573019796e-05
1.87152045127e-09	0.000106398692878
1.90271186939e-09	0.000120842254546
1.9339032875e-09	9.29179368541e-05
1.96509470561e-09	3.58434699592e-05
1.99628612373e-09	-2.751662214e-05
2.02747754184e-09	-7.41047115298e-05
2.05866895996e-09	-8.93816250027e-05
2.08986037807e-09	-7.18901283108e-05
2.12105179618e-09	-3.22840569424e-05
2.1522432143e-09	1.21731600302e-05
2.18343463241e-09	4.49317267339e-05
2.21462605053e-09	5.62067580177e-05
2.24581746864e-09	4.55894878542e-05
2.27700888676e-09	2.07184893952e-05
2.30820030487e-09	-6.86953217155e-06
2.33939172298e-09	-2.66700135398e-05
2.3705831411e-09	-3.29174290528e-05
2.40177455921e-09	-2.58749023487e-05
2.43296597733e-09	-1.06456918729e-05
2.46415739544e-09	5.60307671549e-06
2.49534881355e-09	1.66754234669e-05
2.52654023167e-09	1.94587046281e-05
2.55773164978e-09	1.44965597428e-05
2.5889230679e-09	5.09732990395e-06
2.62011448601e-09	-4.41597967438e-06
2.65130590413e-09	-1.05016342786e-05
2.68249732224e-09	-1.15642833407e-05
2.71368874035e-09	-8.17542513687e-06
2.74488015847e-09	-2.44621946877e-06
2.77607157658e-09	3.05287676383e-06
2.8072629947e-09	6.33574336462e-06
2.83845441281e-09	6.6254738158e-06
2.86964583092e-09	4.40768371845e-06
2.90083724904e-09	1.00315310192e-06
2.93202866715e-09	-2.08707547245e-06
2.96322008527e-09	-3.77568153453e-06
2.99441150338e-09	-3.71162104784e-06
3.0256029215e-09	-2.26555880545e-06
3.05679433961e-09	-2.49551135312e-07
