% time-domain current integration by openEMS v0.0.36 @Wed Sep 30 10:47:28 2026
% start-coordinates: (-0.0264133,-0.000430509,-0.0009625) m -> [8,32,2]
% stop-coordinates: (-0.025,0.00025,-0.0009625) m -> [9,37,2]
% t/s	current
3.53644196306e-14	0
3.12267825338e-11	5.25773158344e-09
6.2418200648e-11	2.01403214106e-08
9.36096187622e-11	3.81970188812e-08
1.24801036876e-10	4.94917138383e-08
1.55992454991e-10	3.87866698759e-08
1.87183873105e-10	-8.19242007566e-09
2.18375291219e-10	-9.57616776986e-08
2.49566709333e-10	-2.05245214602e-07
2.80758127447e-10	-2.87251793907e-07
3.11949545562e-10	-2.66390259185e-07
3.43140963676e-10	-6.87139305455e-08
3.7433238179e-10	3.29761917328e-07
4.05523799904e-10	8.51881338804e-07
4.36715218018e-10	1.29184752495e-06
4.67906636132e-10	1.34065692237e-06
4.99098054247e-10	7.01733995356e-07
5.30289472361e-10	-7.3385763244e-07
5.61480890475e-10	-2.70657437795e-06
5.92672308589e-10	-4.50880361313e-06
6.23863726703e-10	-5.11252756041e-06
6.55055144818e-10	-3.54445114681e-06
6.86246562932e-10	5.66516234812e-07
7.17437981046e-10	6.48538753012e-06
7.4862939916e-10	1.22258988995e-05
7.79820817274e-10	1.4984811969e-05
8.11012235389e-10	1.21870280054e-05
8.42203653503e-10	2.85744704343e-06
8.73395071617e-10	-1.12846100819e-05
9.04586489731e-10	-2.56597177213e-05
9.35777907845e-10	-3.40138940373e-05
9.66969325959e-10	-3.08079033857e-05
9.98160744074e-10	-1.40005486173e-05
1.02935216219e-09	1.30241114675e-05
1.0605435803e-09	4.15560898546e-05
1.09173499842e-09	6.01543397352e-05
1.12292641653e-09	5.90956915403e-05
1.15411783464e-09	3.49896872649e-05
1.18530925276e-09	-6.55709482089e-06
1.21650067087e-09	-5.18122069479e-05
1.24769208899e-09	-8.35140017443e-05
1.2788835071e-09	-8.76699632499e-05
1.31007492522e-09	-5.98023761995e-05
1.34126634333e-09	-7.79932724981e-06
1.37245776144e-09	5.02326220158e-05
1.40364917956e-09	9.2613598099e-05
1.43484059767e-09	0.000102680212876
1.46603201579e-09	7.57436646381e-05
1.4972234339e-09	2.13711009565e-05
1.52841485201e-09	-4.013380385e-05
1.55960627013e-09	-8.56938640936e-05
1.59079768824e-09	-9.8588396213e-05
1.62198910636e-09	-7.49636819819e-05
1.65318052447e-09	-2.50752509601e-05
1.68437194259e-09	3.11400581268e-05
1.7155633607e-09	7.2198046837e-05
1.74675477881e-09	8.3490020188e-05
1.77794619693e-09	6.26032851869e-05
1.80913761504e-09	1.95741922653e-05
1.84032903316e-09	-2.77403232758e-05
1.87152045127e-09	-6.1050268414e-05
1.90271186939e-09	-6.86971470714e-05
1.9339032875e-09	-4.96568973176e-05
1.96509470561e-09	-1.31430124384e-05
1.99628612373e-09	2.57037499978e-05
2.02747754184e-09	5.2065570344e-05
2.05866895996e-09	5.70636730117e-05
2.08986037807e-09	4.06253275287e-05
2.12105179618e-09	1.07309360828e-05
2.1522432143e-09	-2.03498493647e-05
2.18343463241e-09	-4.11034307035e-05
2.21462605053e-09	-4.50336228823e-05
2.24581746864e-09	-3.25726105075e-05
2.27700888676e-09	-1.01484229162e-05
2.30820030487e-09	1.2921716916e-05
2.33939172298e-09	2.8267966627e-05
2.3705831411e-09	3.14679200528e-05
2.40177455921e-09	2.31608319154e-05
2.43296597733e-09	8.0946201706e-06
2.46415739544e-09	-7.24344181435e-06
2.49534881355e-09	-1.7300773834e-05
2.52654023167e-09	-1.93696378119e-05
2.55773164978e-09	-1.41229793371e-05
2.5889230679e-09	-4.79317213831e-06
2.62011448601e-09	4.46898638984e-06
2.65130590413e-09	1.02937883639e-05
2.68249732224e-09	1.11986091724e-05
2.71368874035e-09	7.79022047936e-06
2.74488015847e-09	2.15220279642e-06
2.77607157658e-09	-3.20333856507e-06
2.8072629947e-09	-6.34680736766e-06
2.83845441281e-09	-6.53520055494e-06
2.86964583092e-09	-4.26116866947e-06
2.90083724904e-09	-8.34982131437e-07
2.93202866715e-09	2.25122698794e-06
2.96322008527e-09	3.92174615627e-06
2.99441150338e-09	3.83063297704e-06
3.0256029215e-09	2.35038578467e-06
3.05679433961e-09	2.96287964829e-07
