% time-domain voltage integration by openEMS v0.0.36 @Wed Sep 30 10:47:28 2026
% start-coordinates: (-0.025,4.18199e-05,-0.0015) m -> [9,35,0]
% stop-coordinates: (-0.025,4.18199e-05,0) m -> [9,35,6]
% t/s	voltage
0	-0
3.11914181142e-11	5.36150054131e-07
6.23828362284e-11	2.12805170463e-06
9.35742543426e-11	3.98071335894e-06
1.24765672457e-10	5.06156430902e-06
1.55957090571e-10	3.8801048845e-06
1.87148508685e-10	-1.07719225184e-06
2.18339926799e-10	-1.01797805883e-05
2.49531344914e-10	-2.14272693029e-05
2.80722763028e-10	-2.96216562674e-05
3.11914181142e-10	-2.70485761575e-05
3.43105599256e-10	-6.24376480118e-06
3.7429701737e-10	3.51810590473e-05
4.05488435484e-10	8.90513301783e-05
4.36679853599e-10	0.000133701492814
4.67871271713e-10	0.000137442024425
4.99062689827e-10	6.98992253092e-05
5.30254107941e-10	-7.95143514551e-05
5.61445526055e-10	-0.000283182205749
5.9263694417e-10	-0.000467541001854
6.23828362284e-10	-0.000526665608049
6.55019780398e-10	-0.000361378137313
6.86211198512e-10	6.47843271508e-05
7.17402616626e-10	0.000675278060953
7.48594034741e-10	0.00126530654961
7.79785452855e-10	0.00154706877947
8.10976870969e-10	0.00125755390036
8.42168289083e-10	0.000297545066132
8.73359707197e-10	-0.00115692061081
9.04551125311e-10	-0.00263867224567
9.35742543426e-10	-0.00350998091744
9.6693396154e-10	-0.00320437099435
9.98125379654e-10	-0.00150777178351
1.02931679777e-09	0.00124664226314
1.06050821588e-09	0.00418669532519
1.091699634e-09	0.00615879811812
1.12289105211e-09	0.00617027725093
1.15408247022e-09	0.00384907150874
1.18527388834e-09	-0.000287508752081
1.21646530645e-09	-0.00490992027335
1.24765672457e-09	-0.00831708323676
1.27884814268e-09	-0.00909245212097
1.3100395608e-09	-0.00671029667137
1.34123097891e-09	-0.0018220252241
1.37242239702e-09	0.00392700539669
1.40361381514e-09	0.0085004332941
1.43480523325e-09	0.0102554964833
1.46599665137e-09	0.00858280796092
1.49718806948e-09	0.00413224252407
1.5283794876e-09	-0.0014653414546
1.55957090571e-09	-0.0062529288698
1.59076232382e-09	-0.00869448028971
1.62195374194e-09	-0.00820559076965
1.65314516005e-09	-0.00527097273152
1.68433657817e-09	-0.00114239193499
1.71552799628e-09	0.00271347697708
1.74671941439e-09	0.00516428786796
1.77791083251e-09	0.00574235524982
1.80910225062e-09	0.00466582778608
1.84029366874e-09	0.00260531136882
1.87148508685e-09	0.000345826796547
1.90267650497e-09	-0.00149616249837
1.93386792308e-09	-0.00260471695219
1.96505934119e-09	-0.00294213855523
1.99625075931e-09	-0.0026396085741
2.02744217742e-09	-0.00188614666695
2.05863359554e-09	-0.000870280971867
2.08982501365e-09	0.000223127637582
2.12101643176e-09	0.0011971892236
2.15220784988e-09	0.00185012613656
2.18339926799e-09	0.00202153247665
2.21459068611e-09	0.00165863260918
2.24578210422e-09	0.000861708293087
2.27697352234e-09	-0.000126796170662
2.30816494045e-09	-0.000996491507976
2.33935635856e-09	-0.00147942734475
2.37054777668e-09	-0.00144883310713
2.40173919479e-09	-0.000962387261097
2.43293061291e-09	-0.000231741349126
2.46412203102e-09	0.000466471028631
2.49531344914e-09	0.000898277183296
2.52650486725e-09	0.000953754119109
2.55769628536e-09	0.000672282847518
2.58888770348e-09	0.000208036019103
2.62007912159e-09	-0.000243297428824
2.65127053971e-09	-0.000522847622051
2.68246195782e-09	-0.000561075656151
2.71365337593e-09	-0.000388427019061
2.74484479405e-09	-0.000106875721031
2.77603621216e-09	0.000160288480402
2.80722763028e-09	0.000317768008244
2.83841904839e-09	0.000328312289639
2.86961046651e-09	0.000215849118831
2.90080188462e-09	4.51925952802e-05
2.93199330273e-09	-0.000110072953248
2.96318472085e-09	-0.000195495875232
2.99437613896e-09	-0.000192895986402
3.02556755708e-09	-0.000120164062537
3.05675897519e-09	-1.77196116056e-05
